

EXPNUM:0 | MEAN:28 | MIN:2 | MAX:256
-------------------------------------------------------
            2            4           64          256
           16           32           16            2
            8            2            8           32
            2            8            4            2


EXPNUM:1 | MEAN:34 | MIN:2 | MAX:256
-------------------------------------------------------
          256            2           16            2
            8           16            8            4
          128           32           16            8
           32           16            2            4


EXPNUM:2 | MEAN:42 | MIN:2 | MAX:256
-------------------------------------------------------
            2           16            4            2
            4            8           32            8
          128           64          128           16
            4            8            4          256


EXPNUM:3 | MEAN:34 | MIN:2 | MAX:256
-------------------------------------------------------
            2            4            2            4
            4           32           16            2
            8           16          128           32
           32          256            4            2


EXPNUM:4 | MEAN:54 | MIN:2 | MAX:512
-------------------------------------------------------
            2            4           16          512
            4           32            2           64
            8           16           64            4
            2            4          128            2


EXPNUM:5 | MEAN:32 | MIN:2 | MAX:256
-------------------------------------------------------
            8           64            4           16
            4           32            2            8
           64            2           32            4
          256           16            8            2


EXPNUM:6 | MEAN:19 | MIN:2 | MAX:128
-------------------------------------------------------
            2           16            4            2
           64            2           16            8
            2           16            8            4
          128            2           32            2


EXPNUM:7 | MEAN:34 | MIN:2 | MAX:256
-------------------------------------------------------
            2           16          128          256
           16           64            2            8
            2            4           32            4
            8            2            4            2


EXPNUM:8 | MEAN:60 | MIN:2 | MAX:512
-------------------------------------------------------
           32            4          128          512
           16          128           64            8
            4           16           32            4
            2            8            4            2


EXPNUM:9 | MEAN:62 | MIN:2 | MAX:512
-------------------------------------------------------
            4           32            2            4
           64           16            4            8
          256           64            8            4
          512            4           16            2


EXPNUM:10 | MEAN:46 | MIN:2 | MAX:512
-------------------------------------------------------
            4            8            4            2
            2            4            8           16
           32           64            2            8
            2            4           64          512


EXPNUM:11 | MEAN:35 | MIN:2 | MAX:256
-------------------------------------------------------
            2            8            2          256
            4           32           16          128
            8           16           64            8
            2            4            8            2


EXPNUM:12 | MEAN:28 | MIN:2 | MAX:128
-------------------------------------------------------
          128            8            4          128
           32           64           16            4
            4           32            4            2
            2            8            2           16


EXPNUM:13 | MEAN:27 | MIN:2 | MAX:128
-------------------------------------------------------
            2           16            4            2
          128           32            2            8
           64           16            8            4
          128            4           16            2


EXPNUM:14 | MEAN:57 | MIN:2 | MAX:512
-------------------------------------------------------
            4            8            2          512
            2           32            8          256
            8           16           32           16
            4            8           16            2


EXPNUM:15 | MEAN:51 | MIN:2 | MAX:256
-------------------------------------------------------
            2            4            2            4
            4           16           32           16
          256           32            4            2
            2           64          128          256


EXPNUM:16 | MEAN:45 | MIN:2 | MAX:256
-------------------------------------------------------
            2            8           64            4
            8           16           32           64
            4           32           64          128
            2           16           32          256


EXPNUM:17 | MEAN:40 | MIN:2 | MAX:256
-------------------------------------------------------
            2           16            4            2
            4           32            8           16
          128           64           16           32
            2            4           64          256


EXPNUM:18 | MEAN:67 | MIN:2 | MAX:512
-------------------------------------------------------
          512            2            8            2
          256            8           64            4
           32          128           16            8
            8           32            4            2


EXPNUM:19 | MEAN:32 | MIN:2 | MAX:256
-------------------------------------------------------
          256           64            2           32
            2           32           64            8
           32            8            2            4
            2            4            8            2

===== TOTAL =====
MEAN:41.35 | MIN:2 | MAX:512
BEST EXP:18
