

EXPNUM:0 | MEAN:23 | MIN:2 | MAX:128
-------------------------------------------------------
            2            4            8            2
            4            8           16            4
            8           16           32           64
           16           64          128            2


EXPNUM:1 | MEAN:31 | MIN:2 | MAX:128
-------------------------------------------------------
            4            2            8            2
            2            8           32           16
            8           16           64          128
           16           64          128            8


EXPNUM:2 | MEAN:65 | MIN:2 | MAX:512
-------------------------------------------------------
            2            4           16            4
            4           16           32            8
            8           32           64           16
           16           64          256          512


EXPNUM:3 | MEAN:36 | MIN:2 | MAX:256
-------------------------------------------------------
            2            4            8            2
            4            8           32           64
            8           16           64            2
           16           64          256           32


EXPNUM:4 | MEAN:22 | MIN:2 | MAX:128
-------------------------------------------------------
            2            4            8            2
            4            8           16            8
            8           16           32           64
           16           32          128           16


EXPNUM:5 | MEAN:29 | MIN:2 | MAX:256
-------------------------------------------------------
            2            4            8            2
            4            8           16            8
            8           16           32           16
           32           64            2          256


EXPNUM:6 | MEAN:36 | MIN:2 | MAX:256
-------------------------------------------------------
            2            4            8            2
            4            8           32           16
            8           16            2            4
           32          128          256           64


EXPNUM:7 | MEAN:45 | MIN:2 | MAX:256
-------------------------------------------------------
            2            4            8            2
            4            8           16           32
            8           16           32          128
           16           64          128          256


EXPNUM:8 | MEAN:27 | MIN:2 | MAX:128
-------------------------------------------------------
            2            4            8            4
            4            8           32            8
            8           16           64           16
           16           64          128           64


EXPNUM:9 | MEAN:22 | MIN:2 | MAX:128
-------------------------------------------------------
            2            4            2           16
            4            8           16           32
            8           16           64            4
           16           32          128            8


EXPNUM:10 | MEAN:37 | MIN:2 | MAX:256
-------------------------------------------------------
            2            4            8           16
            4            8           16           32
            8           16          128            4
           16           64          256           16


EXPNUM:11 | MEAN:45 | MIN:2 | MAX:256
-------------------------------------------------------
            4            8            2            4
            2            4           16           64
            8           16           32          128
           16           32          128          256


EXPNUM:12 | MEAN:58 | MIN:2 | MAX:512
-------------------------------------------------------
            2            4            8           16
            4           16           32            4
            8           32           64           32
           16           64          128          512


EXPNUM:13 | MEAN:72 | MIN:2 | MAX:512
-------------------------------------------------------
            2            4            8            2
            4            8           32            4
            8           32          128            8
           16          128          256          512


EXPNUM:14 | MEAN:37 | MIN:2 | MAX:256
-------------------------------------------------------
            2            4            8            2
            4            8           16           32
            8           16          128            4
           16           32           64          256


EXPNUM:15 | MEAN:41 | MIN:2 | MAX:256
-------------------------------------------------------
            2            4            8           16
            4            8           32            8
            8           32           64           16
           16           64          128          256


EXPNUM:16 | MEAN:48 | MIN:2 | MAX:256
-------------------------------------------------------
            2            4            8            2
            4            8           16           32
            8           32           64          128
           16           64          128          256


EXPNUM:17 | MEAN:47 | MIN:2 | MAX:256
-------------------------------------------------------
            2            4            8            2
            4            8           64            4
            8           16           32          128
           32           64          128          256


EXPNUM:18 | MEAN:25 | MIN:2 | MAX:128
-------------------------------------------------------
            2            8           16            2
            4           16           32           64
            8           32            2            4
           16           64          128           16


EXPNUM:19 | MEAN:55 | MIN:2 | MAX:512
-------------------------------------------------------
            2            4            8            2
            4            8           32            4
            8           32            2            8
            4            8          256          512

===== TOTAL =====
MEAN:40.05 | MIN:2 | MAX:512
BEST EXP:13
