

EXPNUM:0 | MEAN:173 | MIN:2 | MAX:1024
-------------------------------------------------------
         1024          512          128            2
          512          128           64           32
          256           64           16            4
            2           16            8            2


EXPNUM:1 | MEAN:124 | MIN:2 | MAX:1024
-------------------------------------------------------
            2           16            8            2
            8          256          512         1024
           32           64           32           16
            2           16            4            2


EXPNUM:2 | MEAN:120 | MIN:2 | MAX:1024
-------------------------------------------------------
            2           16            4            8
            4           32           16            2
           16         1024          256           32
            2            4          512            4


EXPNUM:3 | MEAN:132 | MIN:2 | MAX:1024
-------------------------------------------------------
            2            4           16            2
            4           64           32          512
           32          256          128            8
         1024            4           32            2


EXPNUM:4 | MEAN:228 | MIN:2 | MAX:2048
-------------------------------------------------------
         2048         1024          128           32
           32          256           64            8
            8           32            8            2
            2            4            2            4


EXPNUM:5 | MEAN:167 | MIN:2 | MAX:1024
-------------------------------------------------------
            2            8            2           32
            4           32           16          256
            2           16          256          512
            8          512         1024            2


EXPNUM:6 | MEAN:130 | MIN:2 | MAX:1024
-------------------------------------------------------
            2            4           16            4
            8           32            8            2
           16          128           32           16
         1024          512          256           32


EXPNUM:7 | MEAN:163 | MIN:2 | MAX:2048
-------------------------------------------------------
            2           16         2048            2
            4          128          256           16
            8           32           64            4
            2            8           16            2


EXPNUM:8 | MEAN:223 | MIN:2 | MAX:2048
-------------------------------------------------------
         2048          128           16            2
         1024           64           32            4
          128           32           16            8
            2           64            8            2


EXPNUM:9 | MEAN:195 | MIN:2 | MAX:2048
-------------------------------------------------------
            2         2048           32           16
            4          256           64            4
          512          128           32           16
            4            2            8            2


EXPNUM:10 | MEAN:130 | MIN:2 | MAX:1024
-------------------------------------------------------
            2          512           64           32
         1024           64           32           16
          256           32           16            8
            2           16            4            2


EXPNUM:11 | MEAN:170 | MIN:2 | MAX:1024
-------------------------------------------------------
            2          512          128           32
         1024          256           64           16
          512          128           16            8
           16            2            8            2


EXPNUM:12 | MEAN:333 | MIN:2 | MAX:4096
-------------------------------------------------------
            2           32            2            4
            4           16           64           32
            8         1024           32            4
         4096            8            4            2


EXPNUM:13 | MEAN:155 | MIN:2 | MAX:2048
-------------------------------------------------------
            2            4           16            2
           16           32          128           32
            4           64            2         2048
            2            8          128            2


EXPNUM:14 | MEAN:103 | MIN:2 | MAX:1024
-------------------------------------------------------
            4           64            8            2
            2           16          128            4
           32          256           64           32
            2         1024            2            8


EXPNUM:15 | MEAN:99 | MIN:2 | MAX:1024
-------------------------------------------------------
            2            8           16            8
            4           16          256           16
          128           64           32            2
            2            4           16         1024


EXPNUM:16 | MEAN:106 | MIN:2 | MAX:1024
-------------------------------------------------------
            2          256           64           32
         1024           64           32           16
          128           32           16            8
            2           16            4            2


EXPNUM:17 | MEAN:142 | MIN:2 | MAX:1024
-------------------------------------------------------
            2            4            8            2
            8           16           32            8
           16           32           64          256
           32          256          512         1024


EXPNUM:18 | MEAN:121 | MIN:2 | MAX:1024
-------------------------------------------------------
            4          256         1024            2
            2           64          128          256
            8            2            4          128
           16            8           32            2


EXPNUM:19 | MEAN:263 | MIN:2 | MAX:2048
-------------------------------------------------------
            2            4            8           32
            8           16           32          128
           16          128          256          512
            2         2048            4         1024

===== TOTAL =====
MEAN:163.85 | MIN:2 | MAX:4096
BEST EXP:12
