

EXPNUM:0 | MEAN:115 | MIN:2 | MAX:1024
-------------------------------------------------------
            2           32           16            4
            4           64          128            8
           16            8            4           16
            4         1024            2          512


EXPNUM:1 | MEAN:98 | MIN:2 | MAX:1024
-------------------------------------------------------
            8            4            2            4
            2           32           16            8
            4            8          256           64
         1024          128            8            4


EXPNUM:2 | MEAN:454 | MIN:2 | MAX:4096
-------------------------------------------------------
            2            8            2            8
           32           16           32            2
         4096           64          128           64
            2         2048          512          256


EXPNUM:3 | MEAN:264 | MIN:2 | MAX:2048
-------------------------------------------------------
            4            8            4            2
            2          128          256          512
            4           64          128         1024
            2           16           32         2048


EXPNUM:4 | MEAN:186 | MIN:2 | MAX:2048
-------------------------------------------------------
            2            8           32            2
            4           16           64         2048
            8          128            2          512
            2           16          128            8


EXPNUM:5 | MEAN:197 | MIN:2 | MAX:2048
-------------------------------------------------------
            2           16           64            2
            8          128          256            4
           32           64          512            2
            4            2         2048            8


EXPNUM:6 | MEAN:251 | MIN:2 | MAX:2048
-------------------------------------------------------
            2            4            8            2
            4            8           32            4
           16           64          128           32
         2048         1024          512          128


EXPNUM:7 | MEAN:238 | MIN:2 | MAX:2048
-------------------------------------------------------
            2            4            8            2
            8           16           32            4
           32           64          128           64
         2048         1024          256          128


EXPNUM:8 | MEAN:184 | MIN:2 | MAX:2048
-------------------------------------------------------
            2           16           32         2048
            4          512            2            4
            8           16           32            8
            4            8          256            4


EXPNUM:9 | MEAN:100 | MIN:2 | MAX:1024
-------------------------------------------------------
            2            8            2            4
           16           32           64            8
           64          256           32           16
            2            8           64         1024


EXPNUM:10 | MEAN:166 | MIN:2 | MAX:2048
-------------------------------------------------------
            2            8           64            8
            4          128          256           16
           16           64            4           32
            2            8            2         2048


EXPNUM:11 | MEAN:133 | MIN:2 | MAX:1024
-------------------------------------------------------
            4            2            8            4
            2            8          512           64
           16          128           64          256
            2            4           32         1024


EXPNUM:12 | MEAN:139 | MIN:2 | MAX:1024
-------------------------------------------------------
            4           16          128            2
            2            8           64          256
            4           16          128          512
            2            8           64         1024


EXPNUM:13 | MEAN:301 | MIN:2 | MAX:4096
-------------------------------------------------------
            2            4            8            2
          128           64           16            4
           32            2          256            8
         4096          128           64           16


EXPNUM:14 | MEAN:278 | MIN:2 | MAX:2048
-------------------------------------------------------
            2            8           16            4
            4           32            8            2
           64          128         2048           64
            4         2048           16            4


EXPNUM:15 | MEAN:196 | MIN:2 | MAX:2048
-------------------------------------------------------
            8           16            4         2048
            4           32           64          512
            2           16          256           16
            8           32          128            2


EXPNUM:16 | MEAN:255 | MIN:2 | MAX:2048
-------------------------------------------------------
            2            4         2048            4
           16           32           64         1024
            4            8          256          512
            8           32           64            2


EXPNUM:17 | MEAN:259 | MIN:2 | MAX:2048
-------------------------------------------------------
            2            8            2            4
          256           16           32            8
           16          128           64           32
            2          512         1024         2048


EXPNUM:18 | MEAN:259 | MIN:2 | MAX:2048
-------------------------------------------------------
            2           64         2048            2
            8           32           64         1024
            4            2          128          512
            2          256            4            2


EXPNUM:19 | MEAN:257 | MIN:2 | MAX:2048
-------------------------------------------------------
            4            2           32            8
            8          128           64           16
            2            4         2048          256
         1024            2          512            2

===== TOTAL =====
MEAN:216.5 | MIN:2 | MAX:4096
BEST EXP:2
