

EXPNUM:0 | MEAN:358 | MIN:2 | MAX:4096
-------------------------------------------------------
            4            8          256           64
            2           16          128            4
            4           32           64         1024
            2            8           16         4096


EXPNUM:1 | MEAN:651 | MIN:2 | MAX:8192
-------------------------------------------------------
            2            4            8            2
            8           16           32           64
           32          256          128            8
          128          512         1024         8192


EXPNUM:2 | MEAN:260 | MIN:2 | MAX:2048
-------------------------------------------------------
            4            2          512            4
            8          128         1024            2
          256           16          128         2048
            8            4            2           16


EXPNUM:3 | MEAN:451 | MIN:2 | MAX:4096
-------------------------------------------------------
            8          256            4            2
            2           16          128          512
            4           32           64         2048
            2           16           32         4096


EXPNUM:4 | MEAN:512 | MIN:2 | MAX:4096
-------------------------------------------------------
            2          512            8            4
            4         1024          256           16
            2         2048          128           32
         4096            8           64            2


EXPNUM:5 | MEAN:246 | MIN:2 | MAX:2048
-------------------------------------------------------
            4           16           32            2
            8          512           64            4
           16          128         1024         2048
            2            4           64            8


EXPNUM:6 | MEAN:254 | MIN:2 | MAX:2048
-------------------------------------------------------
            2            4          512           64
         2048         1024          256           32
           16           64           16            8
            2           16            2            4


EXPNUM:7 | MEAN:459 | MIN:2 | MAX:4096
-------------------------------------------------------
         4096            2           16            2
         2048           64          512            8
          512           16            4           32
            2            4           32            4


EXPNUM:8 | MEAN:507 | MIN:2 | MAX:4096
-------------------------------------------------------
            2            4            8            4
           16           32          512            8
          256           64            8           32
            2         1024         2048         4096


EXPNUM:9 | MEAN:395 | MIN:2 | MAX:4096
-------------------------------------------------------
            2            8            2            8
           64           16            4           64
           16          128          256          128
         4096         1024          512            2


EXPNUM:10 | MEAN:473 | MIN:2 | MAX:4096
-------------------------------------------------------
            2            4           32            2
            8          256           16            8
           64         1024         2048            2
            4            2            4         4096


EXPNUM:11 | MEAN:702 | MIN:2 | MAX:8192
-------------------------------------------------------
            4           64           32            4
          512          256            8            2
         2048           64           16            4
         8192           32            4            2


EXPNUM:12 | MEAN:484 | MIN:2 | MAX:4096
-------------------------------------------------------
            2            8            4            2
            8          128          256           16
         1024           64            8            2
         2048         4096           64           16


EXPNUM:13 | MEAN:512 | MIN:2 | MAX:4096
-------------------------------------------------------
            2         1024            4            2
         4096         2048          256          512
           64          128           16            8
            8           32            2            4


EXPNUM:14 | MEAN:451 | MIN:2 | MAX:4096
-------------------------------------------------------
            2            4         2048         4096
            4          512           64           32
          256          128           32            8
            8           16            4            2


EXPNUM:15 | MEAN:516 | MIN:2 | MAX:4096
-------------------------------------------------------
            2            4            2            8
         4096          128         2048         1024
           16           32          128            4
            2          256          512            2


EXPNUM:16 | MEAN:254 | MIN:2 | MAX:2048
-------------------------------------------------------
            2           32            2            4
            8          256            4            2
            2          128           32          512
         2048            8         1024            2


EXPNUM:17 | MEAN:464 | MIN:2 | MAX:4096
-------------------------------------------------------
            4         2048           16            2
            8           32         1024            4
            2            8          128           16
         4096           32           16            2


EXPNUM:18 | MEAN:768 | MIN:2 | MAX:8192
-------------------------------------------------------
         8192            2           16            2
            4           64           32            8
          128          256            4          512
            2         2048         1024            4


EXPNUM:19 | MEAN:388 | MIN:2 | MAX:4096
-------------------------------------------------------
            2            4         4096            2
         1024          128           64            8
          512          256           16            2
           64           32            8            4

===== TOTAL =====
MEAN:455.25 | MIN:2 | MAX:8192
BEST EXP:18
