

EXPNUM:0 | MEAN:70 | MIN:2 | MAX:512
-------------------------------------------------------
            4            2            8            2
            2           16          256            4
           64           32          128          512
            2            8           64           16


EXPNUM:1 | MEAN:67 | MIN:2 | MAX:512
-------------------------------------------------------
            2           32           16            8
            4           16          512            4
            8           64          256          128
            2            8            2           16


EXPNUM:2 | MEAN:131 | MIN:2 | MAX:1024
-------------------------------------------------------
            2           16           64            8
            4           32         1024          512
            8          256          128            8
            4           32            4            2


EXPNUM:3 | MEAN:132 | MIN:2 | MAX:1024
-------------------------------------------------------
            2            8           16            4
            4           16          512            2
          128          256         1024            4
            2           64            8           64


EXPNUM:4 | MEAN:120 | MIN:2 | MAX:1024
-------------------------------------------------------
            2            8         1024            4
            4           16           64            8
           64          512          128           16
            2           32            4           32


EXPNUM:5 | MEAN:127 | MIN:2 | MAX:1024
-------------------------------------------------------
            2            4            8            2
           16         1024           16            8
            4          256          128          512
            8           32            8           16


EXPNUM:6 | MEAN:63 | MIN:2 | MAX:512
-------------------------------------------------------
            2           32            4            2
            4           16          512            4
            8           64          256           64
            4            8           32            2


EXPNUM:7 | MEAN:67 | MIN:2 | MAX:512
-------------------------------------------------------
            2           16            4           16
            8          512            8          128
           16           32          256            2
            2            4           64            8


EXPNUM:8 | MEAN:134 | MIN:2 | MAX:1024
-------------------------------------------------------
            4          128            8            4
           16         1024          256          128
            4          512           32           16
            2            4            2            8


EXPNUM:9 | MEAN:130 | MIN:2 | MAX:1024
-------------------------------------------------------
           64            8          256            2
            2           16          128            4
            4          512           32           16
            2            4         1024            8


EXPNUM:10 | MEAN:130 | MIN:2 | MAX:1024
-------------------------------------------------------
            2           64            8            2
           16         1024          256           16
            2            8          128          512
            8           32            4            2


EXPNUM:11 | MEAN:103 | MIN:2 | MAX:1024
-------------------------------------------------------
            2            8            4            2
            8           64          256           16
            2         1024           32           64
           32          128            8            4


EXPNUM:12 | MEAN:129 | MIN:2 | MAX:1024
-------------------------------------------------------
            2            4           32            4
           32           16         1024          256
            2          128           32            8
            8          512            4            2


EXPNUM:13 | MEAN:120 | MIN:2 | MAX:1024
-------------------------------------------------------
            2          128            4            2
            4           16           64            8
           32         1024           32           64
            8           16          512            8


EXPNUM:14 | MEAN:128 | MIN:2 | MAX:1024
-------------------------------------------------------
            4            8           16            2
            2          256            8            4
          512            4           64          128
            8            2         1024           16


EXPNUM:15 | MEAN:104 | MIN:2 | MAX:1024
-------------------------------------------------------
            2           16           32            8
            4          128          256            4
            8         1024           16            2
          128            2           32            8


EXPNUM:16 | MEAN:66 | MIN:2 | MAX:512
-------------------------------------------------------
            4          256           16            2
            2          128          512           32
           64            4           16            4
           16            2            4            2


EXPNUM:17 | MEAN:116 | MIN:2 | MAX:1024
-------------------------------------------------------
            2            4           16            4
           16           64          128            2
            8           32         1024           32
            4          512            2            8


EXPNUM:18 | MEAN:108 | MIN:2 | MAX:1024
-------------------------------------------------------
            2            4          512            8
            8           16         1024           32
            2           32           64            8
           16            8            2            4


EXPNUM:19 | MEAN:124 | MIN:2 | MAX:1024
-------------------------------------------------------
            2            4            2         1024
           16          512           64            2
            8           64          256           16
            2            8            2            8

===== TOTAL =====
MEAN:108.45 | MIN:2 | MAX:1024
BEST EXP:8
