

EXPNUM:0 | MEAN:572 | MIN:2 | MAX:8192
-------------------------------------------------------
            2            4            2            4
           16           32           16            8
           32          512           64          128
         8192          128            8            4


EXPNUM:1 | MEAN:885 | MIN:2 | MAX:8192
-------------------------------------------------------
            4            2            4            2
            2            8           32            4
           32           64          128           64
         8192         4096         1024          512


EXPNUM:2 | MEAN:258 | MIN:2 | MAX:2048
-------------------------------------------------------
            2           32         2048            2
            4            8           64         1024
            2           16          128          512
            4            8           32          256


EXPNUM:3 | MEAN:645 | MIN:2 | MAX:8192
-------------------------------------------------------
            2            8           32         8192
            4           32           64         1024
            2            8          256          512
            4            2           64          128


EXPNUM:4 | MEAN:371 | MIN:2 | MAX:4096
-------------------------------------------------------
            2            4           16         4096
            4           64         1024            8
           32          128          512            2
            8           32            8            4


EXPNUM:5 | MEAN:512 | MIN:2 | MAX:4096
-------------------------------------------------------
            8          512           64            8
           16          256         1024            4
            4          128         2048            2
            2            4           16         4096


EXPNUM:6 | MEAN:711 | MIN:2 | MAX:8192
-------------------------------------------------------
            2            8           16            4
          128           32          128           16
            4          256         2048           32
            2            4          512         8192


EXPNUM:7 | MEAN:509 | MIN:2 | MAX:4096
-------------------------------------------------------
            4            2         4096            2
            2            8           32         2048
            4           16          128         1024
            2            8          512          256


EXPNUM:8 | MEAN:377 | MIN:2 | MAX:4096
-------------------------------------------------------
            4            2            4            2
            2          256           32            8
          512           16           64           16
            2            4         1024         4096


EXPNUM:9 | MEAN:513 | MIN:2 | MAX:4096
-------------------------------------------------------
            2            8            4            2
            8           64           32          512
         4096          128          256           16
            8         2048         1024            2


EXPNUM:10 | MEAN:513 | MIN:2 | MAX:4096
-------------------------------------------------------
            8           16          256            2
            2           64          512         1024
            4           16          128         2048
            2            4           32         4096


EXPNUM:11 | MEAN:507 | MIN:2 | MAX:4096
-------------------------------------------------------
            2          512            2         1024
            8           16          256         2048
            2            4          128            4
            4            8            2         4096


EXPNUM:12 | MEAN:492 | MIN:2 | MAX:4096
-------------------------------------------------------
            2           16           32            4
            4           64          512         4096
            8           32         1024           32
            2            4         2048            2


EXPNUM:13 | MEAN:474 | MIN:2 | MAX:4096
-------------------------------------------------------
            2            4         4096            4
            8           16            8           32
           64         1024         2048            8
            4            8          256            4


EXPNUM:14 | MEAN:231 | MIN:2 | MAX:2048
-------------------------------------------------------
            2            4           64            2
            8           32          256           16
            2           64          128         1024
            8           16           32         2048


EXPNUM:15 | MEAN:266 | MIN:2 | MAX:2048
-------------------------------------------------------
            4           32         2048            2
            2           16          128         1024
            4           32          256          512
            2            4           64          128


EXPNUM:16 | MEAN:445 | MIN:2 | MAX:4096
-------------------------------------------------------
           16            2           16            4
         4096            8          256            2
            4           32          128            4
            2            4         2048          512


EXPNUM:17 | MEAN:454 | MIN:2 | MAX:4096
-------------------------------------------------------
            4           64          256            2
            2           16          128          512
            4           32           64         2048
            2            8           32         4096


EXPNUM:18 | MEAN:387 | MIN:2 | MAX:4096
-------------------------------------------------------
            2           32         4096            4
            4           16           64         1024
            8           32          128          512
            2            8          256            4


EXPNUM:19 | MEAN:475 | MIN:2 | MAX:4096
-------------------------------------------------------
            4         1024           16            2
            2           32          256            4
            4            8           64         2048
            8            2           32         4096

===== TOTAL =====
MEAN:479.85 | MIN:2 | MAX:8192
BEST EXP:1
