

EXPNUM:0 | MEAN:263 | MIN:2 | MAX:2048
-------------------------------------------------------
            2           16           32           64
            8           32          256          512
            4           16          128         1024
            2            8           64         2048


EXPNUM:1 | MEAN:238 | MIN:2 | MAX:2048
-------------------------------------------------------
            2            4            2            8
           16           32            4            2
           32           64          128           64
         2048         1024          256          128


EXPNUM:2 | MEAN:53 | MIN:2 | MAX:512
-------------------------------------------------------
            2            8            2           16
           16          128           32            8
            4            8           16           64
          512            2           32            2


EXPNUM:3 | MEAN:64 | MIN:2 | MAX:512
-------------------------------------------------------
            2           16            4            2
            8          256           64            8
            2            4            8           64
          512            8           64            2


EXPNUM:4 | MEAN:237 | MIN:2 | MAX:2048
-------------------------------------------------------
            2         2048           32            8
         1024           64           16            2
          256          128           32            4
          128           32           16            8


EXPNUM:5 | MEAN:423 | MIN:2 | MAX:4096
-------------------------------------------------------
            2            4            2            4
            4            8           16            8
           32          128           64           32
           64          256         2048         4096


EXPNUM:6 | MEAN:135 | MIN:2 | MAX:1024
-------------------------------------------------------
            2            4            8            2
            8           32           16            8
           32           64          128           64
         1024          512          256            2


EXPNUM:7 | MEAN:195 | MIN:2 | MAX:2048
-------------------------------------------------------
            2            4            8            2
           32          128           16            8
            2            4           64           32
         2048          256           16          512


EXPNUM:8 | MEAN:252 | MIN:2 | MAX:2048
-------------------------------------------------------
            4            2            4            2
            2           16           32            8
           32          128           64           32
          128          512         1024         2048


EXPNUM:9 | MEAN:306 | MIN:2 | MAX:4096
-------------------------------------------------------
            2           64            4         4096
            4          128           32            8
          512           16            2            4
            4            8           16            2


EXPNUM:10 | MEAN:231 | MIN:2 | MAX:2048
-------------------------------------------------------
            4            2            4            2
            8           16           32            8
            2         1024          512           32
         2048            2            4            2


EXPNUM:11 | MEAN:465 | MIN:2 | MAX:4096
-------------------------------------------------------
            4         2048          512          256
         4096          128          256           16
           64           32            2            4
            4            2            4           16


EXPNUM:12 | MEAN:219 | MIN:2 | MAX:2048
-------------------------------------------------------
            2            8            2            4
           16           32           16            8
            2          128           64           32
          128            4         1024         2048


EXPNUM:13 | MEAN:257 | MIN:2 | MAX:2048
-------------------------------------------------------
         2048            2           32            4
         1024           32           16            2
          512          128           32            4
            2            4          256           16


EXPNUM:14 | MEAN:257 | MIN:2 | MAX:2048
-------------------------------------------------------
            2           32            2           16
            8          256            4            2
          128         1024          512           64
         2048            2           16            4


EXPNUM:15 | MEAN:78 | MIN:2 | MAX:512
-------------------------------------------------------
            2            4           64          512
           16          256           16            2
            8           64          256           32
            4           16            2            4


EXPNUM:16 | MEAN:328 | MIN:2 | MAX:4096
-------------------------------------------------------
            2            8           32         4096
            4           32           64          512
            2           16          128          256
            4            8           32           64


EXPNUM:17 | MEAN:163 | MIN:2 | MAX:2048
-------------------------------------------------------
            2            8            2            4
            4            2           64            8
           64          128            4           16
            4          256            2         2048


EXPNUM:18 | MEAN:237 | MIN:2 | MAX:2048
-------------------------------------------------------
         2048           64            8            4
         1024          128           32            8
            8          256           16            2
            2          128           64            8


EXPNUM:19 | MEAN:364 | MIN:2 | MAX:4096
-------------------------------------------------------
         4096         1024          512            4
           16           64           16            2
            8           32            4           32
            2            4            2           16

===== TOTAL =====
MEAN:238.25 | MIN:2 | MAX:4096
BEST EXP:11
