

EXPNUM:0 | MEAN:44 | MIN:2 | MAX:256
-------------------------------------------------------
            2           16            4            2
            8           32            8            4
            2           16           64          128
           16           32          128          256


EXPNUM:1 | MEAN:62 | MIN:2 | MAX:512
-------------------------------------------------------
           32           64          128          512
            8           16           32          128
            4            8           16           32
            2            4            8            2


EXPNUM:2 | MEAN:45 | MIN:2 | MAX:256
-------------------------------------------------------
            2            4            8            2
            4            8           16           32
            8           16           32          128
           16           64          128          256


EXPNUM:3 | MEAN:38 | MIN:2 | MAX:256
-------------------------------------------------------
            2            4           16            2
            4            8           32            4
           16           64           16            8
          256          128           32           16


EXPNUM:4 | MEAN:50 | MIN:2 | MAX:512
-------------------------------------------------------
            4            2            8            2
            2            4           16            8
            4           16           32           16
           16           32          128          512


EXPNUM:5 | MEAN:45 | MIN:2 | MAX:256
-------------------------------------------------------
            2            4            8           16
            4            8           16           32
            8           16           32          128
            4           64          128          256


EXPNUM:6 | MEAN:36 | MIN:2 | MAX:256
-------------------------------------------------------
           16            8            4            2
           32           16            8            4
           64           32           16            8
          256           64           32           16


EXPNUM:7 | MEAN:55 | MIN:2 | MAX:512
-------------------------------------------------------
            2            8           64          512
            8           16           32          128
            4            8           16           64
            2            4            8           16


EXPNUM:8 | MEAN:46 | MIN:2 | MAX:256
-------------------------------------------------------
            2            4           16            2
            4            8           32            4
            8           16           64          128
            4           64          128          256


EXPNUM:9 | MEAN:45 | MIN:2 | MAX:256
-------------------------------------------------------
          256          128           32            2
          128           32           16            8
           64           16            8            4
           16            8            4            2


EXPNUM:10 | MEAN:43 | MIN:2 | MAX:256
-------------------------------------------------------
            2            4          128          256
            4           16           64          128
            8            4           16           32
            4            2            4           16


EXPNUM:11 | MEAN:39 | MIN:2 | MAX:256
-------------------------------------------------------
           16           64          128          256
            8           16           32           64
            4            8            2            8
            2            4           16            4


EXPNUM:12 | MEAN:46 | MIN:2 | MAX:256
-------------------------------------------------------
            4           32          128          256
            8           16           32          128
            4            8           16           64
            2            4            8           32


EXPNUM:13 | MEAN:31 | MIN:2 | MAX:256
-------------------------------------------------------
            4            2            4            2
            2            4            8           32
            4           16           32           64
            2            4           64          256


EXPNUM:14 | MEAN:50 | MIN:2 | MAX:256
-------------------------------------------------------
            2            4            8           32
            4            8           16           64
            8           16           64          128
            2           64          128          256


EXPNUM:15 | MEAN:39 | MIN:2 | MAX:256
-------------------------------------------------------
            4            2            8            2
            2            8           16            8
            8           32           64           16
           16           64          128          256


EXPNUM:16 | MEAN:36 | MIN:2 | MAX:256
-------------------------------------------------------
          256           16            4            2
          128           32           16            8
           64           16            8            4
           16            8            4            2


EXPNUM:17 | MEAN:45 | MIN:2 | MAX:256
-------------------------------------------------------
          256          128           32           16
          128           64           16            8
           16           32            8            4
            4           16            4            2


EXPNUM:18 | MEAN:34 | MIN:2 | MAX:256
-------------------------------------------------------
            2            4          128          256
            4           16           32           64
            2            4            2           16
            4            2            8            2


EXPNUM:19 | MEAN:41 | MIN:2 | MAX:256
-------------------------------------------------------
            2            4            8            2
            4            8           16            8
            8           16           32          128
           16           32          128          256

===== TOTAL =====
MEAN:43.5 | MIN:2 | MAX:512
BEST EXP:1
