

EXPNUM:0 | MEAN:116 | MIN:2 | MAX:1024
-------------------------------------------------------
            2           16           32         1024
            8           32           64           16
            4            8          128            8
            2            4          512            4


EXPNUM:1 | MEAN:91 | MIN:2 | MAX:512
-------------------------------------------------------
            2            4            2            4
            8           16           32          512
          128           32           16            2
          512          128           64            8


EXPNUM:2 | MEAN:92 | MIN:2 | MAX:1024
-------------------------------------------------------
            2            4            8           16
            4            8           16           32
            8           16           64          256
            4            2            8         1024


EXPNUM:3 | MEAN:165 | MIN:2 | MAX:2048
-------------------------------------------------------
            4         2048            8            2
           32          256           32           64
            4           16          128           16
            2            4           32            2


EXPNUM:4 | MEAN:73 | MIN:2 | MAX:512
-------------------------------------------------------
          512          256          128           16
           16          128           32            4
            8           32            8            2
            2            4           16            4


EXPNUM:5 | MEAN:125 | MIN:2 | MAX:1024
-------------------------------------------------------
            2           16           32            2
            4            8           64          128
           16           64          128          512
            2            8         1024            2


EXPNUM:6 | MEAN:105 | MIN:2 | MAX:1024
-------------------------------------------------------
            2          128           64           32
         1024           64           32           16
          256           32           16            8
            4            2            8            2


EXPNUM:7 | MEAN:72 | MIN:2 | MAX:512
-------------------------------------------------------
            2            8           64            2
            4           16           32          128
            2           32           64          256
            4            8           32          512


EXPNUM:8 | MEAN:81 | MIN:2 | MAX:512
-------------------------------------------------------
            2            8           64            2
          128           16            8            4
          256           64           32           16
          512          128           64            4


EXPNUM:9 | MEAN:84 | MIN:2 | MAX:512
-------------------------------------------------------
            4            8            4            2
           16           64            8           32
          256          128           16            2
          512          256           32            4


EXPNUM:10 | MEAN:84 | MIN:2 | MAX:1024
-------------------------------------------------------
            4            8           16         1024
            2           32          128           32
            8           16           64            8
            2            4            8            2


EXPNUM:11 | MEAN:110 | MIN:2 | MAX:1024
-------------------------------------------------------
            4            8           64            2
            2           16           32          128
            4           32           64          256
            2            8          128         1024


EXPNUM:12 | MEAN:93 | MIN:2 | MAX:1024
-------------------------------------------------------
         1024          128           64           16
          128           64            8            4
           16            4           16            2
            2            8            2            8


EXPNUM:13 | MEAN:103 | MIN:2 | MAX:1024
-------------------------------------------------------
            2           32           16            8
          128           64           32           16
          256           32           16            4
         1024           16            4            2


EXPNUM:14 | MEAN:70 | MIN:2 | MAX:512
-------------------------------------------------------
            2            8          128          512
            4          256           32           64
           16            8           16           32
            4           32            4            2


EXPNUM:15 | MEAN:107 | MIN:2 | MAX:1024
-------------------------------------------------------
         1024          256            8            2
           32            2          256            4
            2           16           64           32
            8            4            2            4


EXPNUM:16 | MEAN:145 | MIN:2 | MAX:1024
-------------------------------------------------------
         1024          512          256           32
          256          128           64            4
            8           16            8            2
            2            4            2            4


EXPNUM:17 | MEAN:129 | MIN:2 | MAX:1024
-------------------------------------------------------
            2          512           64            2
         1024          128           16            4
          256            8           32            2
            4            2            4            8


EXPNUM:18 | MEAN:122 | MIN:2 | MAX:1024
-------------------------------------------------------
            2            4           16            4
           64           32            8            2
          256          128           16            4
         1024          256          128            8


EXPNUM:19 | MEAN:83 | MIN:2 | MAX:1024
-------------------------------------------------------
            2           16            4            2
            4          128            8            4
            8           32           64            8
            4            8           16         1024

===== TOTAL =====
MEAN:102.5 | MIN:2 | MAX:2048
BEST EXP:3
