

EXPNUM:0 | MEAN:129 | MIN:2 | MAX:1024
-------------------------------------------------------
            2            4            8            4
          512           32         1024           16
           16          256           32            4
            8          128           16            2


EXPNUM:1 | MEAN:72 | MIN:2 | MAX:512
-------------------------------------------------------
            2            8           64            4
            4           32           16          128
           16          512          256           32
            8            2           64            4


EXPNUM:2 | MEAN:69 | MIN:2 | MAX:512
-------------------------------------------------------
            2            4           32            8
           16           64           16          256
            4          512          128            2
            8           32           16            4


EXPNUM:3 | MEAN:126 | MIN:2 | MAX:1024
-------------------------------------------------------
           16            2            8            2
            2          256          512           16
           16          128         1024            4
            4           16            4            8


EXPNUM:4 | MEAN:65 | MIN:2 | MAX:512
-------------------------------------------------------
            2            8            4            2
            4           16          128           32
            2           64          512            2
            4            8          256            4


EXPNUM:5 | MEAN:70 | MIN:2 | MAX:512
-------------------------------------------------------
            2           32            8            2
            8           64          128           16
           32          256           16           32
            2            8          512            8


EXPNUM:6 | MEAN:71 | MIN:2 | MAX:512
-------------------------------------------------------
           16            8            2          128
            4          512           32            4
            8          128          256            2
            2            4            2           32


EXPNUM:7 | MEAN:40 | MIN:2 | MAX:256
-------------------------------------------------------
            2           16            2            4
            4            8           64          256
           32          128           32           16
            4            8           64            8


EXPNUM:8 | MEAN:71 | MIN:2 | MAX:512
-------------------------------------------------------
            2            4            8           16
           16           32          256            8
           64          512          128            2
            8           16           64            4


EXPNUM:9 | MEAN:103 | MIN:2 | MAX:1024
-------------------------------------------------------
            2            4            8            2
            8           16          256           16
           32         1024          128           64
            4           64           16            4


EXPNUM:10 | MEAN:117 | MIN:2 | MAX:1024
-------------------------------------------------------
            2            8            4            2
            4           32           64           16
            8         1024          512            4
            4          128           64            8


EXPNUM:11 | MEAN:90 | MIN:2 | MAX:1024
-------------------------------------------------------
           64           32            4            2
            4         1024          128            8
           16           32           64           32
            2            4            8           16


EXPNUM:12 | MEAN:23 | MIN:2 | MAX:128
-------------------------------------------------------
            2            4           16            2
            8           32           64           32
           16          128           16            2
            8           32            8            4


EXPNUM:13 | MEAN:76 | MIN:2 | MAX:512
-------------------------------------------------------
            4           64            8            2
            8          512           16            4
            2            8          256           64
          128           16          128            4


EXPNUM:14 | MEAN:39 | MIN:2 | MAX:256
-------------------------------------------------------
            4            2           16            2
            2            8          128            8
           16           64           32           16
            8            4          256           64


EXPNUM:15 | MEAN:98 | MIN:2 | MAX:1024
-------------------------------------------------------
            2          128            8            2
            4           16          256         1024
            2           32           64           16
            4           16            4            2


EXPNUM:16 | MEAN:60 | MIN:2 | MAX:512
-------------------------------------------------------
           16          128            4            2
            2           32           64           32
            4          128          512           16
            8            4           16            4


EXPNUM:17 | MEAN:57 | MIN:2 | MAX:512
-------------------------------------------------------
            2            8          512            4
           32            2           32            2
            2           16          256            4
            4            8           32            2


EXPNUM:18 | MEAN:38 | MIN:2 | MAX:256
-------------------------------------------------------
            2            4           32            2
            8           16           64            4
          256          128            2           16
            2            8           64            4


EXPNUM:19 | MEAN:100 | MIN:2 | MAX:1024
-------------------------------------------------------
            2            4           16            8
            8         1024          256            2
           16           32          128            8
            4           64            8           32

===== TOTAL =====
MEAN:75.7 | MIN:2 | MAX:1024
BEST EXP:0
