

EXPNUM:0 | MEAN:33 | MIN:2 | MAX:256
-------------------------------------------------------
            2            8            4            2
            8           16            2           32
           32           64           32            4
            4            8           64          256


EXPNUM:1 | MEAN:54 | MIN:2 | MAX:512
-------------------------------------------------------
            4           32            4            2
            8           64          128            4
            2            8           16           64
            8           16          512            2


EXPNUM:2 | MEAN:19 | MIN:2 | MAX:128
-------------------------------------------------------
            8            2            4            2
            2            4            8            4
           16           64           16            8
            2            8           32          128


EXPNUM:3 | MEAN:44 | MIN:2 | MAX:256
-------------------------------------------------------
            8            2           16           64
            4            8          128            2
            2           16           32          128
            4           32            2          256


EXPNUM:4 | MEAN:70 | MIN:2 | MAX:512
-------------------------------------------------------
            4            2          128            2
            8            4           64          256
            4           16           32           64
            2           32            2          512


EXPNUM:5 | MEAN:51 | MIN:2 | MAX:512
-------------------------------------------------------
           16            2          128            2
            8           16           32            8
            4           32            2           32
            2            8           16          512


EXPNUM:6 | MEAN:36 | MIN:2 | MAX:256
-------------------------------------------------------
            2           16            4          256
            4            8           32          128
            2           16           64            8
            4            2           32            4


EXPNUM:7 | MEAN:84 | MIN:2 | MAX:1024
-------------------------------------------------------
            8            2            4            2
            2            8           16            8
           16           64           32           16
            2           16          128         1024


EXPNUM:8 | MEAN:43 | MIN:2 | MAX:256
-------------------------------------------------------
            2            4            2            4
            4            8            4           64
           16           64            8            2
          128            4          128          256


EXPNUM:9 | MEAN:40 | MIN:2 | MAX:256
-------------------------------------------------------
            2            8            4            2
            4           16           32           16
           64           32            8            2
            2          128           64          256


EXPNUM:10 | MEAN:23 | MIN:2 | MAX:128
-------------------------------------------------------
            4           16           64            2
            2            4           32            4
            4           16            4           64
            2           32            2          128


EXPNUM:11 | MEAN:40 | MIN:2 | MAX:256
-------------------------------------------------------
            4           16            2          256
            2           64            8           64
           16            8           64            4
            4            2          128            2


EXPNUM:12 | MEAN:42 | MIN:2 | MAX:256
-------------------------------------------------------
            4            2           16            2
           16            4          128            8
            4           16           64          128
            2           32            4          256


EXPNUM:13 | MEAN:44 | MIN:2 | MAX:256
-------------------------------------------------------
            2            4           32            2
            4            8          128           16
            8           16           64          128
            2           32            4          256


EXPNUM:14 | MEAN:31 | MIN:2 | MAX:256
-------------------------------------------------------
            2            8            2          256
            4           32            8           16
            8           16           64           32
           16            2           32            2


EXPNUM:15 | MEAN:38 | MIN:2 | MAX:256
-------------------------------------------------------
            4            8            4            2
            2            4            8           16
           64           32           16            4
            2           64          128          256


EXPNUM:16 | MEAN:54 | MIN:2 | MAX:512
-------------------------------------------------------
            4            2           64            2
            8            4           32           64
            4            8           16          128
            2           16            2          512


EXPNUM:17 | MEAN:55 | MIN:2 | MAX:512
-------------------------------------------------------
            2            4           16           32
            8           16           64          128
            4           64            8           16
            2           16            2          512


EXPNUM:18 | MEAN:29 | MIN:2 | MAX:256
-------------------------------------------------------
            4            8            4            2
            2            4            8           16
           16           64           16            2
            4            8           64          256


EXPNUM:19 | MEAN:58 | MIN:2 | MAX:256
-------------------------------------------------------
            2            4            8            2
            4            8           16           32
          128           16           64            2
            2          256          128          256

===== TOTAL =====
MEAN:44.4 | MIN:2 | MAX:1024
BEST EXP:7
